0.63889 0.00000 0.82318 0.00000
0.29649 0.23219 0.23887 0.90013
0.11936 1.30646 0.18076 0.44862
0.04105 3.68914 0.28838 3.77716
0.00955 4.02174 0.14849 -0.73208
0.04881 -0.55571 0.19372 -0.35519
0.04194 2.52122 0.12337 1.93310
0.01969 3.23744 0.07945 2.79526
0.01297 3.38867 0.07767 1.54458
0.03934 1.22018 0.05549 4.53049
0.00942 -1.50370 0.15929 3.70698
0.01229 1.77081 0.07069 2.26300
0.02130 2.91675 0.09085 2.10905
0.00989 1.08745 0.03824 2.19490
0.00545 0.93693 0.02835 1.22888
0.00892 1.74494 0.04169 3.48229
0.02010 2.03765 0.01468 1.18599
0.00651 1.68538 0.06457 4.69727
0.01972 1.99327 0.02060 4.17593
0.00524 1.13484 0.02320 -1.21877
0.01057 1.03645 0.01944 -0.62684
0.00459 -0.88119 0.00663 1.06608
0.00093 1.16138 0.01586 -1.44966
0.00714 1.88887 0.00464 -0.14850
0.00479 2.14634 0.01213 3.07659
0.00514 1.74807 0.01158 3.95601
0.00791 1.73883 0.01557 2.86660
0.00558 1.27961 0.00356 2.87268
0.00525 1.16312 0.01465 -1.49425
0.00313 0.66978 0.01230 3.94849
0.00332 1.36425 0.01785 4.42154
0.00378 0.84168 0.00940 0.02962
0.00406 2.24814 0.00342 -0.95910
0.00225 1.92518 0.01416 4.70143
0.00236 1.75520 0.01349 3.05603
0.00146 1.57075 0.01174 3.10995
0.00051 2.17919 0.00357 -1.54394
0.00286 2.12485 0.01337 3.56823
0.00502 2.12717 0.00864 4.32804
0.00443 1.60638 0.00725 4.65531
0.00200 2.19337 0.00210 2.79861
