0.63889 0.00000 0.82573 0.00000
0.29649 0.23219 0.23542 0.90013
0.11936 1.30646 0.17815 0.44862
0.04105 3.68914 0.28422 3.77716
0.00955 4.02174 0.14635 -0.73208
0.04881 -0.55571 0.19093 -0.35519
0.04194 2.52122 0.12159 1.93310
0.01969 3.23744 0.07830 2.79526
0.01297 3.38867 0.07654 1.54458
0.03934 1.22018 0.05469 4.53049
0.00942 -1.50370 0.15699 3.70698
0.01229 1.77081 0.06967 2.26300
0.02130 2.91675 0.08954 2.10905
0.00989 1.08745 0.03769 2.19490
0.00545 0.93693 0.02794 1.22888
0.00892 1.74494 0.04109 3.48229
0.02010 2.03765 0.01447 1.18599
0.00651 1.68538 0.06364 4.69727
0.01972 1.99327 0.02030 4.17593
0.00524 1.13484 0.02287 -1.21877
0.01057 1.03645 0.01916 -0.62684
0.00459 -0.88119 0.00653 1.06608
0.00093 1.16138 0.01563 -1.44966
0.00714 1.88887 0.00458 -0.14850
0.00479 2.14634 0.01196 3.07659
0.00514 1.74807 0.01142 3.95601
0.00791 1.73883 0.01535 2.86660
0.00558 1.27961 0.00351 2.87268
0.00525 1.16312 0.01444 -1.49425
0.00313 0.66978 0.01212 3.94849
0.00332 1.36425 0.01759 4.42154
0.00378 0.84168 0.00926 0.02962
0.00406 2.24814 0.00337 -0.95910
0.00225 1.92518 0.01396 4.70143
0.00236 1.75520 0.01330 3.05603
0.00146 1.57075 0.01157 3.10995
0.00051 2.17919 0.00352 -1.54394
0.00286 2.12485 0.01318 3.56823
0.00502 2.12717 0.00851 4.32804
0.00443 1.60638 0.00715 4.65531
0.00200 2.19337 0.00207 2.79861
