0.89945 0.00000 2.96260 0.00000
0.08461 -0.42902 0.88810 0.66042
0.06439 -0.23336 1.44523 3.69494
0.08424 1.23323 1.04125 4.53779
0.06963 2.02153 0.76515 -0.96500
0.03342 3.99957 0.12025 0.19817
0.02918 1.00640 0.05628 -1.26962
0.01207 4.60169 0.17601 -0.78354
0.02466 4.33436 0.15983 0.63460
0.00907 1.72861 0.19725 -1.54792
0.01677 2.68170 0.10798 2.51918
0.01487 0.74206 0.12826 1.16540
0.00768 3.88450 0.14700 -0.38727
0.01387 1.24619 0.01799 0.35273
0.00923 -1.32608 0.04793 -0.48296
0.01450 0.27201 0.06745 3.84227
0.01031 4.57132 0.05417 2.47590
0.00406 -1.02007 0.04934 0.10252
0.00643 3.78214 0.01420 2.92577
0.00126 0.67424 0.04110 -0.24075
0.00784 4.12042 0.04803 4.53366
0.00261 2.46077 0.02775 3.09302
0.00237 4.03596 0.02980 0.93946
0.00404 2.40805 0.01668 0.04355
0.00121 0.67338 0.01745 -0.66457
0.00082 1.98968 0.01147 0.63846
0.00278 4.12612 0.00667 4.20604
0.00190 2.95633 0.02026 1.02039
0.00110 3.28500 0.01210 1.72144
0.00257 1.44964 0.03112 0.22301
0.00032 2.00866 0.01534 -1.16273
0.00166 0.54726 0.00869 3.22809
0.00221 2.19991 0.00606 2.81652
0.00317 -0.71112 0.02087 1.63087
0.00115 4.19164 0.02038 0.31877
0.00169 -1.37835 0.01822 -0.89823
0.00164 3.31545 0.01311 3.48019
0.00074 -1.06201 0.00205 4.23931
0.00244 2.52660 0.01281 3.43030
0.00136 3.95752 0.01467 1.96373
0.00044 3.01108 0.00983 0.43621
